
Random search method with constraints:

i=2 x1=-2.611092 x2=2.893631 fmin=116.768636
i=9 x1=-0.547671 x2=2.910149 fmin=74.945516
i=18 x1=-2.820078 x2=2.264205 fmin=62.600319
i=28 x1=-2.667016 x2=-0.011452 fmin=8.881035
i=415 x1=-1.897327 x2=0.993584 fmin=8.132125
i=708 x1=-2.404533 x2=0.434392 fmin=7.943253
i=1460 x1=-2.359423 x2=0.461374 fmin=7.713210
i=1761 x1=-2.114630 x2=0.739851 fmin=7.521166
i=2659 x1=-2.421592 x2=0.279995 fmin=7.472465
i=2664 x1=-2.228928 x2=0.530233 fmin=7.059825

  FINAL RESULT:

x1Min=-2.228928
  x2Min+0.530233

  FMin=7.059825
 g(x1Min,x2Min)= -0.012821
