
   Random search method:

i=1  x1=9.632357  x2=8.092194  fmin=3174.016967
i=2  x1=6.752678  x2=6.228117  fmin=1052.896580
i=3  x1=0.343744  x2=3.332784  fmin=108.888280
i=8  x1=6.640800  x2=3.787154  fmin=106.143127
i=9  x1=7.373810  x2=1.950189  fmin=80.016641
i=10  x1=3.051618  x2=0.185997  fmin=24.669439
i=11  x1=0.162940  x2=0.622639  fmin=0.637898
i=1207  x1=0.008819  x2=0.352683  fmin=0.259370
i=11330  x1=0.065680  x2=0.010389  fmin=0.150254
i=12713  x1=0.053228  x2=0.037864  fmin=0.148402
i=33834  x1=0.001183  x2=0.034181  fmin=0.035381
i=591476  x1=0.000861  x2=0.009491  fmin=0.011126

   FINAL RESULT:

x1Min=0.000861
 x2Min=0.009491

 fMin=0.011126

